
numRooms =

    10


numHours =

    24


numFans =

    30


numAC =

    10


numComp =

   200


numUsers =

   190


O =

  Columns 1 through 10

     0     0     0     0     0     0     0     0     0     0
     1     0     0     0     0     0     0     0     0     0
     0     0     0     0     0     0     0     0     0     0
     0     0     0     0     1     0     0     0     1     0
     0     0     0     0     0     0     0     0     0     1
     0     1     0     0     0     0     1     0     0     0
     0     0     0     0     0     0     0     1     0     0
     0     0     1     0     0     1     0     0     0     0
     0     0     0     0     0     0     0     0     0     0
     0     0     0     1     0     0     0     0     0     0

  Columns 11 through 20

     0     0     0     0     0     1     0     0     0     0
     0     0     0     0     0     0     0     0     0     0
     1     0     0     0     0     0     0     0     1     0
     0     1     0     0     0     0     0     0     0     0
     0     0     0     0     1     0     1     1     0     0
     0     0     0     0     0     0     0     0     0     0
     0     0     0     1     0     0     0     0     0     0
     0     0     0     0     0     0     0     0     0     0
     0     0     0     0     0     0     0     0     0     0
     0     0     1     0     0     0     0     0     0     1

  Columns 21 through 30

     0     0     0     0     0     0     0     0     0     0
     0     0     0     0     0     0     0     0     1     0
     1     0     0     0     0     0     0     0     0     0
     0     1     0     1     0     0     0     0     0     0
     0     0     0     0     1     1     0     0     0     0
     0     0     1     0     0     0     0     0     0     0
     0     0     0     0     0     0     0     0     0     0
     0     0     0     0     0     0     0     0     0     0
     0     0     0     0     0     0     1     0     0     1
     0     0     0     0     0     0     0     1     0     0

  Columns 31 through 40

     0     0     0     0     0     0     0     0     0     0
     0     1     0     0     0     0     1     0     0     0
     0     0     0     0     0     0     0     0     0     1
     0     0     0     0     0     0     0     0     0     0
     0     0     0     1     0     0     0     0     0     0
     1     0     0     0     0     0     0     0     0     0
     0     0     1     0     0     0     0     0     0     0
     0     0     0     0     0     1     0     1     0     0
     0     0     0     0     1     0     0     0     0     0
     0     0     0     0     0     0     0     0     1     0

  Columns 41 through 50

     0     1     0     0     0     0     1     0     1     0
     0     0     0     0     0     0     0     0     0     0
     0     0     0     0     0     0     0     0     0     0
     0     0     0     0     0     0     0     0     0     0
     0     0     0     0     1     0     0     0     0     0
     0     0     0     0     0     0     0     0     0     1
     0     0     0     0     0     0     0     0     0     0
     0     0     1     1     0     0     0     1     0     0
     1     0     0     0     0     1     0     0     0     0
     0     0     0     0     0     0     0     0     0     0

  Columns 51 through 60

     0     0     0     0     0     0     0     0     1     0
     0     0     0     0     0     0     0     0     0     0
     0     0     1     0     0     0     0     0     0     0
     0     0     0     0     1     0     0     0     0     0
     0     0     0     0     0     0     0     0     0     0
     0     0     0     1     0     0     0     0     0     0
     1     0     0     0     0     0     1     1     0     1
     0     0     0     0     0     1     0     0     0     0
     0     0     0     0     0     0     0     0     0     0
     0     1     0     0     0     0     0     0     0     0

  Columns 61 through 70

     0     0     0     0     0     0     0     0     0     0
     0     0     0     0     0     0     0     0     0     0
     0     0     0     0     1     0     0     0     0     1
     0     0     0     0     0     0     0     0     0     0
     0     0     0     1     0     0     0     0     0     0
     0     0     0     0     0     0     0     0     0     0
     1     0     0     0     0     0     1     1     0     0
     0     0     1     0     0     1     0     0     0     0
     0     0     0     0     0     0     0     0     1     0
     0     1     0     0     0     0     0     0     0     0

  Columns 71 through 80

     0     0     0     0     0     0     1     0     0     0
     0     0     0     1     0     0     0     0     0     1
     0     0     0     0     0     0     0     0     0     0
     0     0     0     0     0     0     0     1     0     0
     0     0     1     0     0     0     0     0     1     0
     1     0     0     0     0     1     0     0     0     0
     0     0     0     0     1     0     0     0     0     0
     0     0     0     0     0     0     0     0     0     0
     0     1     0     0     0     0     0     0     0     0
     0     0     0     0     0     0     0     0     0     0

  Columns 81 through 90

     1     1     1     0     0     0     0     0     0     0
     0     0     0     1     0     1     0     0     0     0
     0     0     0     0     0     0     0     0     0     0
     0     0     0     0     0     0     0     0     0     0
     0     0     0     0     0     0     0     0     0     0
     0     0     0     0     1     0     1     0     0     0
     0     0     0     0     0     0     0     0     0     0
     0     0     0     0     0     0     0     0     0     0
     0     0     0     0     0     0     0     1     1     0
     0     0     0     0     0     0     0     0     0     1

  Columns 91 through 100

     0     0     0     0     0     0     0     0     0     0
     1     0     0     0     0     0     0     0     0     0
     0     0     0     0     0     0     0     1     0     1
     0     0     0     0     0     0     0     0     0     0
     0     0     0     0     0     1     0     0     0     0
     0     0     0     0     0     0     0     0     0     0
     0     0     0     0     0     0     1     0     0     0
     0     1     0     0     0     0     0     0     1     0
     0     0     0     0     1     0     0     0     0     0
     0     0     1     1     0     0     0     0     0     0

  Columns 101 through 110

     0     0     0     0     1     0     0     0     0     0
     0     0     0     1     0     0     0     0     0     0
     0     0     0     0     0     1     0     1     0     1
     0     0     1     0     0     0     1     0     0     0
     0     0     0     0     0     0     0     0     0     0
     0     0     0     0     0     0     0     0     1     0
     0     0     0     0     0     0     0     0     0     0
     0     0     0     0     0     0     0     0     0     0
     0     0     0     0     0     0     0     0     0     0
     1     1     0     0     0     0     0     0     0     0

  Columns 111 through 120

     0     0     0     0     0     0     1     0     0     0
     0     0     1     0     1     0     0     0     0     0
     0     0     0     1     0     0     0     0     0     0
     1     0     0     0     0     0     0     1     0     0
     0     0     0     0     0     0     0     0     0     0
     0     0     0     0     0     1     0     0     0     0
     0     0     0     0     0     0     0     0     0     0
     0     0     0     0     0     0     0     0     0     0
     0     1     0     0     0     0     0     0     0     0
     0     0     0     0     0     0     0     0     1     1

  Columns 121 through 130

     0     1     0     0     0     0     0     0     1     0
     0     0     0     0     0     0     0     0     0     0
     0     0     0     0     1     0     0     0     0     0
     0     0     0     0     0     0     0     0     0     0
     0     0     0     0     0     0     1     0     0     0
     0     0     1     0     0     0     0     0     0     0
     0     0     0     1     0     1     0     0     0     0
     0     0     0     0     0     0     0     1     0     0
     0     0     0     0     0     0     0     0     0     0
     1     0     0     0     0     0     0     0     0     1

  Columns 131 through 140

     0     0     0     0     0     0     0     0     1     0
     0     0     0     0     0     0     1     0     0     0
     0     0     0     0     0     1     0     0     0     0
     0     0     0     0     0     0     0     0     0     0
     0     0     0     1     0     0     0     0     0     0
     0     0     0     0     1     0     0     0     0     0
     0     0     0     0     0     0     0     0     0     0
     1     0     0     0     0     0     0     0     0     1
     0     1     1     0     0     0     0     1     0     0
     0     0     0     0     0     0     0     0     0     0

  Columns 141 through 150

     0     0     0     0     0     0     0     1     0     0
     0     0     1     1     0     0     0     0     0     0
     0     0     0     0     0     0     0     0     0     0
     0     0     0     0     1     0     1     0     0     0
     0     0     0     0     0     0     0     0     0     0
     0     0     0     0     0     0     0     0     0     0
     1     0     0     0     0     0     0     0     0     0
     0     0     0     0     0     0     0     0     1     1
     0     0     0     0     0     1     0     0     0     0
     0     1     0     0     0     0     0     0     0     0

  Columns 151 through 160

     0     0     0     0     0     0     0     0     0     0
     0     0     0     0     0     0     0     1     0     0
     0     0     0     0     1     1     0     0     0     0
     0     0     0     1     0     0     0     0     0     0
     0     0     1     0     0     0     0     0     0     0
     0     0     0     0     0     0     0     0     0     0
     0     0     0     0     0     0     0     0     1     0
     0     0     0     0     0     0     1     0     0     1
     1     0     0     0     0     0     0     0     0     0
     0     1     0     0     0     0     0     0     0     0

  Columns 161 through 170

     1     0     0     0     0     0     0     0     0     1
     0     0     1     0     0     1     0     0     0     0
     0     0     0     0     0     0     0     0     1     0
     0     0     0     0     0     0     0     0     0     0
     0     1     0     0     0     0     0     0     0     0
     0     0     0     1     0     0     1     0     0     0
     0     0     0     0     0     0     0     1     0     0
     0     0     0     0     0     0     0     0     0     0
     0     0     0     0     1     0     0     0     0     0
     0     0     0     0     0     0     0     0     0     0

  Columns 171 through 180

     0     0     1     0     0     0     0     0     0     0
     0     0     0     0     1     0     0     0     0     0
     0     1     0     0     0     0     0     0     0     0
     1     0     0     0     0     0     0     0     1     1
     0     0     0     0     0     0     0     1     0     0
     0     0     0     1     0     0     0     0     0     0
     0     0     0     0     0     1     0     0     0     0
     0     0     0     0     0     0     0     0     0     0
     0     0     0     0     0     0     0     0     0     0
     0     0     0     0     0     0     1     0     0     0

  Columns 181 through 190

     0     0     0     0     0     0     0     1     0     0
     0     1     0     0     0     0     0     0     0     0
     0     0     0     0     0     0     0     0     1     0
     1     0     0     0     1     0     0     0     0     0
     0     0     0     1     0     1     0     0     0     1
     0     0     0     0     0     0     0     0     0     0
     0     0     0     0     0     0     1     0     0     0
     0     0     0     0     0     0     0     0     0     0
     0     0     0     0     0     0     0     0     0     0
     0     0     1     0     0     0     0     0     0     0


U =

  Columns 1 through 10

     0     0     1     0     0     1     0     1     0     0
     1     0     1     0     0     0     1     1     0     1
     1     1     1     1     1     1     1     1     1     0
     1     1     0     1     1     0     0     1     0     1
     1     0     0     0     1     0     1     0     1     0
     1     0     1     1     0     1     1     0     0     0
     1     1     1     0     1     0     1     0     0     0
     1     1     0     0     1     0     1     1     1     1
     1     1     0     1     0     1     1     1     0     0
     0     0     1     0     0     0     0     0     1     1
     0     0     0     0     1     0     1     0     0     1
     1     0     1     0     0     1     1     1     0     0
     1     1     0     1     0     1     0     1     1     1
     0     1     0     0     0     1     0     1     0     1
     0     1     0     0     1     0     0     0     1     1
     0     1     1     1     0     1     0     0     0     1
     0     1     1     1     1     0     1     1     0     0
     0     1     1     0     1     1     1     0     0     0
     0     1     1     1     0     0     0     1     0     0
     0     1     0     1     0     1     1     1     1     1
     0     0     0     1     0     1     1     1     0     0
     1     0     1     1     0     0     0     0     0     1
     0     1     1     0     1     1     1     0     1     1
     0     0     1     0     1     1     1     1     1     1

  Columns 11 through 20

     1     0     0     1     1     0     1     0     1     0
     0     1     1     0     0     1     0     0     1     1
     0     0     1     1     0     1     1     1     1     1
     1     0     1     1     0     0     1     1     0     1
     0     0     1     0     1     1     0     1     0     0
     0     0     0     0     1     0     0     0     0     0
     0     1     1     0     1     0     1     1     1     1
     0     0     1     0     0     1     0     1     1     1
     1     0     0     0     1     0     0     0     0     1
     1     0     0     1     0     1     0     0     1     0
     0     0     1     1     0     0     0     0     0     1
     1     1     1     0     0     0     0     0     1     1
     1     1     0     0     1     0     0     0     1     1
     1     0     0     1     0     0     0     1     1     1
     1     1     1     0     1     1     0     1     1     0
     0     1     0     0     0     1     0     0     1     1
     0     1     0     1     1     1     0     1     0     1
     1     0     1     0     1     0     0     1     1     1
     1     0     0     1     0     0     1     0     1     0
     1     0     1     1     0     1     0     0     0     0
     0     0     1     1     0     0     1     0     1     0
     1     1     0     0     1     0     0     0     0     0
     1     1     1     1     0     1     1     1     1     1
     0     0     0     0     0     1     0     1     1     1

  Columns 21 through 30

     1     0     0     1     1     1     1     1     0     0
     0     0     1     0     0     0     0     0     0     1
     0     1     1     0     1     1     1     1     1     0
     1     1     0     1     1     1     1     0     0     1
     1     0     1     0     0     1     1     1     0     1
     0     1     0     0     1     0     0     0     0     0
     0     0     1     0     0     1     1     0     0     1
     0     1     1     1     1     0     1     0     0     1
     1     0     1     0     0     0     1     1     1     1
     1     0     0     0     0     1     1     0     0     0
     0     0     1     0     0     0     0     0     1     0
     1     0     0     0     0     1     1     0     0     1
     0     1     0     1     1     0     0     1     1     1
     1     1     0     1     0     0     0     0     1     0
     1     0     0     0     0     1     0     1     0     1
     0     1     0     1     0     0     0     1     0     1
     0     0     1     1     0     1     1     1     0     0
     1     0     1     0     1     0     1     0     1     1
     0     1     1     1     0     0     0     1     1     1
     1     0     0     1     0     1     0     0     0     0
     0     1     1     1     1     1     1     0     0     1
     1     1     1     0     1     1     1     0     0     1
     0     1     0     0     1     1     0     1     0     0
     0     0     0     0     0     0     1     0     0     1

  Columns 31 through 40

     1     1     1     0     1     1     0     1     1     1
     0     0     1     1     0     0     1     0     1     1
     1     0     1     1     1     0     1     1     1     0
     0     0     0     0     0     0     0     0     1     1
     1     0     1     0     1     1     0     1     1     0
     1     0     1     0     1     1     0     0     0     0
     0     1     0     0     0     0     1     1     1     1
     1     0     0     1     0     0     0     0     1     1
     0     0     1     0     0     1     1     1     1     0
     1     1     0     0     1     1     0     1     1     0
     0     0     1     0     0     0     0     1     1     1
     1     0     1     1     1     1     0     1     0     0
     0     0     1     0     0     0     1     1     0     1
     0     1     0     1     0     1     1     0     0     1
     0     0     1     0     0     1     0     0     1     0
     0     1     1     0     0     0     0     1     1     1
     1     1     0     1     1     1     1     0     0     1
     1     0     1     1     0     0     0     1     1     0
     1     0     1     0     1     1     0     0     0     1
     1     0     0     0     0     0     1     0     0     1
     1     1     0     0     1     0     1     1     1     0
     0     1     1     1     0     1     0     1     1     1
     0     0     0     0     0     0     1     1     0     1
     0     1     1     1     1     0     1     0     1     1

  Columns 41 through 50

     0     0     1     1     0     1     0     0     1     1
     0     0     1     0     1     1     0     0     1     0
     0     0     0     1     0     0     0     0     0     1
     0     1     1     1     1     0     0     0     1     1
     0     1     0     1     1     1     1     0     1     0
     0     1     1     0     1     1     1     1     1     1
     0     0     1     0     1     1     0     0     1     1
     0     1     1     1     1     0     0     1     0     0
     0     1     0     0     1     1     1     0     1     0
     1     1     1     1     0     1     0     1     1     1
     0     0     0     1     1     1     1     0     1     1
     1     0     1     0     1     0     0     1     0     0
     1     1     1     1     1     1     1     0     0     1
     0     0     0     0     0     1     1     0     1     1
     0     1     0     0     0     1     0     1     0     1
     0     1     0     0     1     0     0     0     1     1
     0     0     0     0     1     1     0     0     0     0
     0     0     0     1     0     1     0     0     1     1
     0     1     1     1     1     0     1     1     0     0
     1     0     0     1     0     1     1     1     1     0
     0     0     0     0     0     0     1     0     1     0
     1     0     1     1     1     0     1     0     1     1
     0     0     1     0     1     1     0     1     1     1
     1     0     1     1     1     0     0     1     0     0

  Columns 51 through 60

     0     1     1     1     0     0     1     0     0     1
     1     1     1     0     1     1     0     1     0     0
     0     1     1     0     0     0     1     1     0     0
     1     1     0     1     1     1     0     0     1     0
     1     0     1     1     0     0     0     1     1     0
     1     1     1     1     0     0     1     1     0     0
     1     1     0     0     0     1     1     0     1     0
     1     0     1     0     1     0     0     0     0     1
     0     1     1     0     0     1     0     0     1     1
     0     1     0     0     1     0     0     1     1     1
     0     1     1     1     1     1     0     1     1     1
     1     0     0     1     1     0     1     0     0     1
     1     1     1     1     0     1     0     0     1     1
     1     1     1     0     0     1     1     0     1     0
     0     0     0     1     0     1     0     1     1     0
     0     1     1     1     0     0     0     1     1     1
     0     0     0     0     0     0     0     0     0     1
     0     1     0     0     0     0     1     1     1     0
     1     0     1     0     0     0     1     1     1     0
     0     0     1     0     0     0     1     1     1     0
     1     1     0     1     0     1     0     0     1     1
     1     0     0     1     1     0     1     1     1     1
     0     0     0     0     0     0     0     1     0     1
     1     0     1     0     0     1     0     1     0     0

  Columns 61 through 70

     0     1     0     0     1     0     0     1     0     0
     0     0     0     0     0     0     1     0     1     0
     0     0     0     0     1     0     1     0     1     0
     1     1     1     1     0     0     0     0     1     1
     1     1     1     0     0     0     0     1     1     1
     0     1     1     0     0     1     1     1     0     0
     1     1     0     0     0     0     1     0     0     1
     1     1     0     1     1     0     0     0     1     0
     0     0     0     1     0     0     0     1     0     1
     1     1     1     1     0     0     1     1     0     0
     0     1     0     1     0     1     0     1     1     1
     0     1     0     1     1     1     0     0     1     0
     0     1     1     1     0     1     1     1     0     0
     0     0     0     1     1     1     0     1     0     0
     1     0     0     0     0     0     0     1     0     1
     1     1     0     0     1     1     0     1     0     0
     0     1     1     1     0     0     0     0     0     0
     1     0     0     0     1     0     1     0     0     0
     1     1     0     0     1     0     0     0     0     0
     1     0     1     0     0     1     1     1     0     1
     0     0     0     0     1     1     1     1     0     1
     1     0     1     0     1     1     0     0     0     1
     1     0     1     0     0     1     1     0     1     0
     0     0     1     1     1     0     1     0     0     0

  Columns 71 through 80

     0     1     0     1     1     1     1     0     0     0
     1     1     0     0     1     1     0     0     1     0
     0     0     0     1     0     0     0     0     1     0
     1     1     0     0     0     0     1     1     1     1
     0     1     0     1     0     1     0     0     0     1
     1     0     0     1     1     1     0     1     1     0
     0     1     0     0     0     0     0     1     0     1
     1     0     1     0     1     0     0     1     0     1
     1     1     0     0     1     0     0     1     0     0
     1     1     1     0     1     1     0     0     0     0
     1     1     0     0     1     0     0     0     0     1
     0     0     0     0     1     1     0     0     0     0
     0     1     0     1     1     1     1     1     1     0
     0     0     1     1     0     0     0     0     1     1
     1     1     1     0     0     0     0     0     0     0
     1     0     1     1     1     1     0     0     1     1
     0     0     0     0     0     1     0     1     0     0
     0     1     0     1     0     1     1     1     0     0
     0     1     1     0     0     1     1     1     0     0
     1     0     1     0     0     1     1     1     0     1
     1     1     1     0     1     0     1     0     0     0
     1     0     0     0     0     0     0     0     0     1
     0     0     1     1     1     0     1     1     0     0
     0     1     1     1     0     1     0     0     1     0

  Columns 81 through 90

     1     1     0     0     0     1     0     1     0     0
     0     1     0     1     1     1     1     1     1     0
     1     1     0     0     0     1     1     1     0     0
     1     0     1     0     1     1     0     0     1     0
     0     1     0     1     0     1     1     0     0     1
     1     1     1     0     0     0     1     1     1     1
     1     1     0     1     1     1     1     1     0     0
     0     1     1     0     1     1     1     1     0     1
     0     1     0     0     0     0     1     0     0     0
     0     0     0     1     0     1     1     1     0     0
     1     1     1     1     1     1     0     1     0     1
     0     0     1     1     0     1     1     0     1     1
     1     1     1     0     0     0     0     1     0     0
     1     0     0     0     0     0     0     1     1     1
     0     0     1     0     1     0     0     0     0     0
     1     0     1     1     0     0     0     0     0     1
     0     1     1     0     1     0     0     0     0     0
     0     0     1     0     1     1     1     1     0     0
     0     0     1     1     0     1     1     1     1     1
     1     0     1     0     0     1     0     1     1     0
     1     0     1     0     0     1     0     0     0     1
     0     1     1     0     0     1     0     0     0     0
     0     1     0     0     0     0     1     1     1     0
     0     0     0     1     0     0     1     0     0     0

  Columns 91 through 100

     1     0     0     0     0     0     1     1     1     0
     0     0     1     0     1     0     0     0     0     0
     0     0     1     1     1     1     0     0     1     0
     0     1     1     1     1     1     1     0     1     0
     1     1     1     0     0     1     1     1     0     1
     1     0     1     1     0     0     0     1     1     1
     1     0     1     0     1     1     1     1     0     0
     0     0     1     0     0     1     0     0     1     0
     1     0     0     1     1     0     0     0     0     0
     1     1     1     1     0     1     0     0     1     1
     0     1     1     0     0     1     0     0     1     1
     1     1     0     1     1     0     1     0     0     1
     0     0     1     0     1     1     0     0     0     0
     0     0     1     0     0     1     1     1     1     0
     1     1     0     0     0     0     0     0     0     0
     1     0     1     0     0     1     1     0     1     1
     0     1     1     0     0     1     0     1     1     0
     0     1     1     0     1     0     0     0     1     1
     0     1     1     0     1     1     0     0     1     0
     0     1     0     1     1     1     1     1     0     1
     0     0     1     1     1     0     1     0     1     1
     1     0     0     1     0     1     1     0     1     0
     1     0     1     1     1     1     0     1     0     1
     0     1     0     1     0     1     1     1     1     1

  Columns 101 through 110

     0     0     1     0     1     0     0     0     1     0
     1     0     0     1     1     1     0     1     0     0
     1     1     1     0     1     1     0     0     0     1
     1     1     1     1     0     0     1     1     1     0
     1     0     1     0     0     0     1     1     1     0
     0     0     0     0     0     1     1     0     0     1
     1     1     1     0     0     0     1     0     1     0
     1     0     0     0     1     1     0     1     0     1
     0     0     1     0     1     1     0     1     1     1
     1     1     1     1     1     0     0     1     1     0
     0     0     0     0     1     0     1     1     1     1
     0     0     1     1     1     0     1     0     1     1
     0     1     0     1     1     0     1     0     1     1
     1     0     0     1     0     0     0     1     0     1
     0     1     1     1     0     0     0     0     1     1
     0     0     0     1     1     0     1     1     0     0
     1     1     0     0     0     0     1     0     0     1
     1     1     0     1     0     0     1     0     0     1
     0     0     1     1     1     0     0     0     0     0
     1     0     0     0     0     0     0     0     0     1
     0     1     1     0     1     0     0     0     1     1
     1     1     1     0     1     0     0     1     1     1
     0     1     0     0     0     0     0     0     1     0
     1     1     1     0     0     1     1     1     0     0

  Columns 111 through 120

     0     1     1     0     1     0     1     0     0     1
     1     0     1     0     1     1     0     0     0     1
     0     0     0     0     1     0     0     0     0     0
     1     1     1     0     0     1     0     1     0     1
     1     1     0     1     1     1     1     1     1     0
     0     0     1     1     1     0     1     0     0     0
     0     0     0     1     0     1     1     1     0     1
     1     0     1     1     1     1     0     0     0     0
     0     1     1     0     0     0     0     0     0     1
     1     1     0     1     1     1     0     1     0     1
     1     0     0     1     0     0     1     0     0     1
     1     0     0     0     0     0     1     1     1     0
     1     0     0     0     0     1     1     0     0     0
     0     1     0     0     0     1     0     1     0     1
     0     0     0     1     1     1     0     0     0     0
     1     1     0     1     1     0     1     1     0     0
     0     0     0     1     1     1     1     1     1     0
     1     1     0     1     1     0     1     1     1     0
     0     0     0     0     1     0     0     1     0     0
     0     1     1     1     0     0     0     0     1     0
     0     1     1     0     0     0     0     0     0     1
     0     0     1     0     1     0     0     0     0     1
     0     0     0     0     1     0     0     0     1     0
     1     1     0     1     0     1     0     0     1     0

  Columns 121 through 130

     0     0     1     1     1     0     0     0     1     0
     0     0     0     0     1     0     1     0     1     1
     0     0     1     1     0     0     1     0     0     1
     1     1     1     1     1     0     1     1     1     0
     1     1     1     0     1     0     1     1     1     1
     1     1     0     0     0     0     0     0     0     0
     0     1     0     1     1     1     1     1     1     1
     1     1     0     0     0     1     0     0     1     1
     0     1     0     1     1     0     1     1     0     1
     1     1     0     1     1     1     0     0     1     0
     1     0     1     1     1     1     1     1     0     0
     1     1     1     1     0     1     0     1     1     1
     1     0     1     1     1     0     0     0     1     0
     0     0     0     1     1     0     0     0     1     1
     1     1     1     0     1     0     1     0     1     0
     1     1     1     1     1     0     0     0     1     0
     0     0     1     0     1     0     1     1     0     0
     0     1     0     1     1     1     0     1     0     1
     0     1     0     1     1     1     1     0     1     0
     1     0     0     0     1     0     0     1     0     1
     1     1     0     1     1     0     1     0     0     1
     1     0     0     1     1     0     1     0     1     0
     1     0     0     0     0     1     0     1     0     0
     1     1     0     0     0     1     1     0     1     0

  Columns 131 through 140

     1     0     0     0     1     0     0     1     0     0
     1     0     0     0     1     1     1     0     0     0
     1     0     1     0     0     1     0     0     1     1
     1     1     1     1     0     1     0     0     1     0
     0     1     1     0     1     0     1     1     0     0
     0     1     0     0     0     1     1     0     0     0
     1     1     1     1     0     0     1     1     1     0
     0     0     0     1     0     1     0     0     0     0
     0     1     0     1     0     1     1     0     0     1
     0     1     0     0     1     1     1     1     1     1
     0     0     0     1     0     1     1     1     1     1
     1     1     1     1     0     0     1     0     1     0
     1     0     0     1     1     1     0     1     0     0
     1     0     0     0     0     0     0     0     0     0
     0     1     1     0     0     1     0     0     0     1
     1     0     1     0     0     1     0     0     0     1
     0     1     0     0     0     0     0     0     0     0
     1     1     0     0     1     1     0     1     0     0
     1     1     0     0     1     0     0     1     0     1
     1     0     0     0     0     1     0     1     0     1
     1     1     0     1     1     1     1     1     0     1
     0     0     1     0     0     1     0     1     1     0
     1     1     1     0     0     1     1     0     1     0
     1     0     0     1     0     1     0     0     0     1

  Columns 141 through 150

     1     0     0     1     1     1     0     1     1     1
     1     0     1     0     0     0     0     0     0     1
     0     0     1     0     0     0     1     1     1     1
     1     0     0     1     1     0     0     0     0     0
     1     1     1     0     1     0     0     0     1     1
     1     1     1     1     0     1     0     0     1     1
     0     0     1     0     1     0     0     1     0     1
     0     1     0     0     1     0     1     1     1     0
     1     0     1     0     1     0     0     1     1     0
     0     0     0     0     0     1     1     0     1     0
     0     0     0     1     0     1     0     1     0     0
     0     0     1     0     1     1     1     0     1     1
     0     0     1     0     0     1     1     0     0     0
     0     0     0     1     1     0     0     1     0     1
     1     0     1     1     0     1     1     0     1     0
     1     1     1     1     1     0     1     1     1     0
     1     0     0     0     1     0     1     1     0     0
     0     1     0     0     1     0     0     1     1     1
     1     1     0     0     1     1     0     1     1     1
     0     1     0     1     0     1     1     1     0     1
     1     0     0     0     1     1     1     1     0     1
     1     1     1     1     0     0     0     1     0     1
     1     1     1     1     0     0     0     1     0     1
     1     1     1     0     1     1     0     0     0     1

  Columns 151 through 160

     0     1     0     0     0     1     0     1     0     0
     1     1     0     0     1     0     1     0     0     1
     0     0     1     1     0     0     0     0     1     0
     0     0     0     0     1     1     1     0     0     1
     1     0     1     1     1     0     1     1     1     1
     1     0     0     0     0     0     1     0     0     0
     1     0     0     1     0     1     0     1     0     1
     1     0     0     0     1     0     0     1     1     0
     0     0     1     0     0     0     1     1     0     1
     0     1     1     0     0     0     1     0     0     1
     1     1     1     1     0     0     1     1     1     1
     1     0     1     0     1     1     1     0     0     0
     1     0     0     1     0     1     1     1     1     1
     0     0     0     0     1     0     0     0     0     1
     1     0     1     0     0     0     0     1     1     0
     0     0     0     0     0     0     1     0     1     0
     0     0     0     1     1     1     1     0     0     1
     1     0     1     1     1     1     1     0     0     0
     0     1     1     1     1     1     1     0     1     1
     0     1     0     1     0     0     1     1     0     1
     0     0     0     0     1     1     1     1     1     1
     1     0     1     1     1     0     0     0     1     0
     1     1     0     1     1     0     0     0     0     1
     1     1     0     0     1     1     1     1     0     1

  Columns 161 through 170

     1     0     0     0     1     0     0     0     1     1
     1     1     1     0     1     1     0     1     1     0
     0     0     1     0     0     0     0     0     0     1
     0     1     1     0     0     1     0     1     0     1
     1     0     1     1     0     1     0     0     1     1
     0     0     1     0     0     0     1     1     1     1
     1     0     1     1     1     1     1     0     1     1
     0     0     0     1     0     1     1     1     1     0
     1     0     1     0     1     0     0     0     0     0
     0     0     0     1     0     1     1     1     0     1
     0     0     0     1     0     0     0     0     1     0
     0     1     0     0     0     0     0     1     0     1
     0     0     1     0     0     1     1     0     1     1
     1     1     0     0     1     0     1     0     1     0
     0     1     1     1     0     1     1     1     1     1
     0     0     0     1     0     0     0     0     1     0
     1     0     0     1     0     0     1     1     1     1
     1     1     1     1     0     1     0     0     1     0
     1     1     0     1     0     0     1     0     0     0
     1     0     0     1     0     0     0     0     0     0
     0     0     1     1     0     0     0     1     0     0
     1     1     0     1     1     1     1     1     1     0
     1     1     0     1     1     1     1     0     0     1
     1     0     1     0     0     1     0     1     0     1

  Columns 171 through 180

     1     0     0     0     0     1     0     1     0     1
     0     0     0     1     1     0     0     0     1     1
     1     1     0     0     1     1     1     0     0     1
     1     1     0     0     1     1     1     0     0     1
     1     0     0     0     0     0     1     0     1     0
     0     1     0     1     0     1     0     0     1     0
     1     1     1     1     1     1     1     1     1     1
     1     1     0     0     0     0     1     0     1     0
     1     1     0     0     0     1     1     1     0     1
     0     1     0     0     1     1     0     1     0     0
     1     0     0     0     0     1     1     1     1     1
     1     1     0     0     1     0     0     0     0     0
     0     0     0     0     1     1     1     1     1     1
     0     0     1     0     1     1     1     0     0     1
     1     0     1     1     0     0     0     0     0     1
     1     0     1     0     1     1     0     0     0     1
     0     0     0     1     1     1     0     0     1     0
     1     1     0     1     0     0     0     0     0     1
     1     1     1     1     0     0     0     0     1     0
     1     1     0     1     1     0     1     1     0     0
     0     1     1     0     1     1     1     0     1     0
     1     1     0     0     0     0     0     0     1     0
     0     1     0     1     0     1     0     0     1     0
     1     0     0     0     0     0     1     1     1     1

  Columns 181 through 190

     1     0     1     1     0     0     0     0     1     0
     0     1     0     1     1     1     0     1     1     0
     0     1     1     1     0     1     1     0     0     0
     0     1     1     0     1     1     1     1     0     1
     0     1     0     0     0     0     1     0     1     1
     1     0     1     0     0     1     1     0     0     0
     0     1     0     0     0     1     0     0     1     0
     0     1     0     0     0     1     1     0     1     0
     1     0     1     1     1     1     1     0     0     1
     0     0     1     1     1     0     1     1     1     1
     1     0     0     0     1     1     0     0     1     1
     1     1     1     1     1     1     1     0     0     0
     1     0     0     0     1     1     0     1     1     1
     0     1     0     1     0     1     0     1     1     1
     1     1     1     0     1     0     1     1     0     1
     1     1     0     1     1     1     0     1     0     0
     1     0     0     0     0     1     1     1     1     1
     1     0     1     0     0     1     1     1     1     0
     1     0     1     1     1     0     1     1     0     0
     1     1     1     1     0     0     0     1     1     0
     0     1     0     0     1     0     1     1     0     0
     0     1     0     1     1     0     0     1     0     1
     1     0     1     0     1     0     1     0     0     0
     0     0     1     1     1     0     0     0     0     1


F =

     1
     1
     1
     1
     1
     1
     1
     1
     1
     1


A =

     1
     1
     1
     1
     1
     1
     1
     1
     1
     1


C =

    10
    10
    10
    10
    10
    10
    10
    10
    10
    10

---Starting CVX with pF=100W pAC=400W pC=400W ELIM=500000---
 
Calling SDPT3 4.0: 3841 variables, 1440 equality constraints
   For improved efficiency, SDPT3 is solving the dual problem.
------------------------------------------------------------

 num. of constraints = 1440
 dim. of sdp    var  = 1920,   num. of sdp  blk  = 960
 dim. of linear var  = 961
 number of dense column in A = 1
*******************************************************************
   SDPT3: Infeasible path-following algorithms
*******************************************************************
 version  predcorr  gam  expon  scale_data
   HKM      1      0.000   1        0    
it pstep dstep pinfeas dinfeas  gap      prim-obj      dual-obj    cputime
-------------------------------------------------------------------
 0|0.000|0.000|1.7e+04|3.1e+01|4.6e+10| 4.846596e+07  0.000000e+00| 0:0:00| spchol  1  1 
 1|1.000|0.000|1.8e-02|3.1e+01|5.6e+10| 2.653415e+08  4.439870e+04| 0:0:00| spchol  1  1 
 2|1.000|0.981|3.0e-09|5.9e-01|1.4e+09| 2.188283e+08  2.959004e+03| 0:0:00| spchol  1  1 
 3|1.000|0.989|4.0e-07|6.5e-03|4.5e+07| 1.971006e+07  1.847368e+03| 0:0:00| spchol  1  1 
 4|0.974|1.000|1.7e-06|6.3e-05|3.0e+06| 2.131799e+06  1.676268e+03| 0:0:00| spchol  1  1 
 5|0.977|1.000|7.1e-08|3.1e-05|1.3e+05| 1.054385e+05  1.520356e+03| 0:0:00| spchol  1  1 
 6|0.905|1.000|1.7e-08|1.6e-05|1.5e+04| 1.471028e+04  1.761060e+03| 0:0:00| spchol  1  1 
 7|1.000|0.917|2.2e-09|5.6e-06|7.4e+03| 1.021797e+04  3.064970e+03| 0:0:00| spchol  1  1 
 8|0.933|1.000|2.9e-10|1.4e-06|1.6e+03| 5.260954e+03  3.692906e+03| 0:0:00| spchol  1  1 
 9|1.000|0.962|1.1e-10|4.6e-07|3.4e+02| 4.394912e+03  4.065076e+03| 0:0:00| spchol  1  1 
10|0.957|1.000|4.2e-11|1.3e-07|8.4e+01| 4.226007e+03  4.144218e+03| 0:0:01| spchol  1  1 
11|0.921|0.903|5.5e-11|4.7e-08|1.1e+01| 4.177035e+03  4.166993e+03| 0:0:01| spchol  1  1 
12|0.961|1.000|1.1e-09|1.1e-08|4.3e+00| 4.173036e+03  4.168941e+03| 0:0:01| spchol  1  1 
13|0.972|0.932|7.0e-11|4.0e-09|2.3e-01| 4.170437e+03  4.170264e+03| 0:0:01| spchol  2  1 
14|0.983|0.983|4.2e-08|8.0e-11|1.7e-02| 4.170341e+03  4.170325e+03| 0:0:01| spchol  2  2 
15|0.982|0.985|7.6e-10|3.3e-12|3.3e-04| 4.170331e+03  4.170331e+03| 0:0:01| spchol  2  2 
16|1.000|1.000|2.2e-12|2.1e-13|3.3e-05| 4.170331e+03  4.170331e+03| 0:0:01|
  stop: max(relative gap, infeasibilities) < 1.49e-08
-------------------------------------------------------------------
 number of iterations   = 16
 primal objective value =  4.17033107e+03
 dual   objective value =  4.17033104e+03
 gap := trace(XZ)       = 3.27e-05
 relative gap           = 3.92e-09
 actual relative gap    = 3.56e-09
 rel. primal infeas (scaled problem)   = 2.16e-12
 rel. dual     "        "       "      = 2.10e-13
 rel. primal infeas (unscaled problem) = 0.00e+00
 rel. dual     "        "       "      = 0.00e+00
 norm(X), norm(y), norm(Z) = 5.6e+02, 2.5e+01, 4.7e+01
 norm(A), norm(b), norm(C) = 6.4e+03, 3.3e+02, 5.3e+04
 Total CPU time (secs)  = 0.79  
 CPU time per iteration = 0.05  
 termination code       =  0
 DIMACS: 2.5e-11  0.0e+00  2.1e-13  0.0e+00  3.6e-09  3.9e-09
-------------------------------------------------------------------
 
------------------------------------------------------------
Status: Solved
Optimal value (cvx_optval): +4170.33
 

eF =

   1.9387e+04


eA =

   3.4013e+04


eC =

      446600


EDIS =

   5.0000e+05


X_f =

  Columns 1 through 6

    1.0000    0.5119    0.5119    1.0000    1.0000    0.8462
    0.6686    1.0000    1.0000    1.0000    1.0000    0.8462
    1.0000    1.0000    0.5119    1.0000    1.0000    0.8462
    0.3761    0.3761    0.6686    1.0000    1.0000    0.2612
    0.3761    0.6686    1.0000    1.0000    0.6686    0.2612
    0.5119    0.8462    0.5119    0.6686    1.0000    0.8462
    1.0000    0.6686    1.0000    1.0000    0.8462    1.0000
    1.0000    0.5119    0.8462    1.0000    1.0000    1.0000
    0.8462    0.8462    0.3761    0.8462    1.0000    0.5119
    0.5119    0.8462    1.0000    1.0000    1.0000    0.8462

  Columns 7 through 12

    1.0000    0.6686    0.8462    1.0000    1.0000    0.5119
    1.0000    0.6686    0.8462    0.8462    0.5119    0.8462
    1.0000    1.0000    1.0000    1.0000    1.0000    0.8462
    1.0000    1.0000    0.5119    0.5119    1.0000    1.0000
    1.0000    1.0000    1.0000    0.8462    1.0000    0.8462
    1.0000    1.0000    0.3761    1.0000    0.8462    0.5119
    0.6686    0.8462    0.8462    1.0000    1.0000    1.0000
    0.6686    0.2612    0.8462    1.0000    1.0000    1.0000
    1.0000    0.2612    0.6686    1.0000    0.5119    1.0000
    1.0000    1.0000    1.0000    1.0000    1.0000    0.8462

  Columns 13 through 18

    1.0000    0.8462    0.8462    1.0000    0.6686    0.8462
    1.0000    0.8462    0.8462    1.0000    0.1671    0.5119
    1.0000    1.0000    0.8462    1.0000    0.8462    1.0000
    1.0000    0.2612    0.8462    1.0000    1.0000    1.0000
    1.0000    1.0000    0.8462    0.5119    1.0000    0.5119
    0.8462    0.1671    1.0000    0.5119    1.0000    1.0000
    1.0000    0.6686    0.6686    1.0000    0.5119    0.6686
    1.0000    0.6686    0.3761    0.8462    0.6686    1.0000
    0.8462    0.2612    0.5119    0.0940    0.1671    1.0000
    0.8462    0.6686    0.3761    1.0000    0.6686    1.0000

  Columns 19 through 24

    1.0000    1.0000    1.0000    1.0000    0.6686    0.2612
    0.2612    0.6686    0.8462    1.0000    0.6686    0.6686
    0.8462    1.0000    1.0000    1.0000    0.6686    1.0000
    1.0000    0.5119    0.5119    0.6686    0.8462    1.0000
    0.6686    0.3761    0.3761    1.0000    0.8462    1.0000
    0.8462    0.5119    0.6686    0.5119    0.6686    0.1671
    1.0000    0.6686    1.0000    1.0000    1.0000    0.8462
    1.0000    1.0000    1.0000    0.8462    1.0000    1.0000
    0.8462    0.6686    0.8462    0.5119    0.8462    0.6686
    0.6686    1.0000    1.0000    0.6686    1.0000    1.0000


X_a =

  Columns 1 through 6

    0.3655    0.0614    0.0614    0.5887    0.5887    0.2158
    0.1198    1.0000    0.3655    0.3655    1.0000    0.2158
    0.5887    0.3655    0.0614    0.3655    0.5887    0.2158
    0.0284    0.0284    0.1198    1.0000    0.3655    0.0114
    0.0284    0.1198    0.5887    1.0000    0.1198    0.0114
    0.0614    0.2158    0.0614    0.1198    0.5887    0.2158
    0.5887    0.1198    0.3655    0.3655    0.2158    0.5887
    0.3655    0.0614    0.2158    0.3655    0.3655    0.5887
    0.2158    0.2158    0.0284    0.2158    0.5887    0.0614
    0.0614    0.2158    1.0000    1.0000    0.9095    0.2158

  Columns 7 through 12

    0.9095    0.1198    0.2158    0.3655    0.3655    0.0614
    1.0000    0.1198    0.2158    0.2158    0.0614    0.2158
    0.3655    1.0000    0.3655    0.3655    0.5887    0.2158
    0.5887    0.5887    0.0614    0.0614    0.3655    0.5887
    0.3655    0.3655    0.3655    0.2158    0.3655    0.2158
    0.5887    0.3655    0.0284    0.3655    0.2158    0.0614
    0.1198    0.2158    0.2158    0.9095    0.3655    0.5887
    0.1198    0.0114    0.2158    1.0000    0.3655    1.0000
    0.5887    0.0114    0.1198    0.3655    0.0614    0.5887
    0.5887    0.5887    0.3655    0.5887    0.5887    0.2158

  Columns 13 through 18

    0.9095    0.2158    0.2158    1.0000    0.1198    0.2158
    0.3655    0.2158    0.2158    0.5887    0.0037    0.0614
    0.3655    1.0000    0.2158    0.3655    0.2158    1.0000
    1.0000    0.0114    0.2158    0.9095    0.5887    0.3655
    0.5887    0.5887    0.2158    0.0614    0.3655    0.0614
    0.2158    0.0037    0.5887    0.0614    0.5887    0.5887
    0.3655    0.1198    0.1198    0.5887    0.0614    0.1198
    0.3655    0.1198    0.0284    0.2158    0.1198    0.5887
    0.2158    0.0114    0.0614    0.0009    0.0037    0.3655
    0.2158    0.1198    0.0284    0.3655    0.1198    0.5887

  Columns 19 through 24

    0.9095    0.3655    0.5887    0.5887    0.1198    0.0114
    0.0114    0.1198    0.2158    0.5887    0.1198    0.1198
    0.2158    1.0000    0.3655    0.9095    0.1198    0.9095
    0.5887    0.0614    0.0614    0.1198    0.2158    0.3655
    0.1198    0.0284    0.0284    0.9095    0.2158    1.0000
    0.2158    0.0614    0.1198    0.0614    0.1198    0.0037
    0.9095    0.1198    1.0000    0.5887    0.3655    0.2158
    1.0000    0.9095    0.3655    0.2158    0.5887    1.0000
    0.2158    0.1198    0.2158    0.0614    0.2158    0.1198
    0.1198    0.5887    0.9095    0.1198    0.5887    0.5887

X_a < X_f

ans =

  10×24 logical array

  Columns 1 through 15

   1   1   1   1   1   1   1   1   1   1   1   1   1   1   1
   1   1   1   1   1   1   0   1   1   1   1   1   1   1   1
   1   1   1   1   1   1   1   1   1   1   1   1   1   1   1
   1   1   1   1   1   1   1   1   1   1   1   1   1   1   1
   1   1   1   0   1   1   1   1   1   1   1   1   1   1   1
   1   1   1   1   1   1   1   1   1   1   1   1   1   1   1
   1   1   1   1   1   1   1   1   1   1   1   1   1   1   1
   1   1   1   1   1   1   1   1   1   1   1   1   1   1   1
   1   1   1   1   1   1   1   1   1   1   1   1   1   1   1
   1   1   1   0   1   1   1   1   1   1   1   1   1   1   1

  Columns 16 through 24

   1   1   1   1   1   1   1   1   1
   1   1   1   1   1   1   1   1   1
   1   1   0   1   1   1   1   1   1
   1   1   1   1   1   1   1   1   1
   1   1   1   1   1   1   1   1   1
   1   1   1   1   1   1   1   1   1
   1   1   1   1   1   0   1   1   1
   1   1   1   1   1   1   1   1   0
   1   1   1   1   1   1   1   1   1
   1   1   1   1   1   1   1   1   1


numALessF =

   234

---End with pF=100W pAC=400W pC=400W ELIM=500000---

---Starting CVX with pF=133.33W pAC=400W pC=400W ELIM=500000---
 
Calling SDPT3 4.0: 3841 variables, 1440 equality constraints
   For improved efficiency, SDPT3 is solving the dual problem.
------------------------------------------------------------

 num. of constraints = 1440
 dim. of sdp    var  = 1920,   num. of sdp  blk  = 960
 dim. of linear var  = 961
 number of dense column in A = 1
*******************************************************************
   SDPT3: Infeasible path-following algorithms
*******************************************************************
 version  predcorr  gam  expon  scale_data
   HKM      1      0.000   1        0    
it pstep dstep pinfeas dinfeas  gap      prim-obj      dual-obj    cputime
-------------------------------------------------------------------
 0|0.000|0.000|1.8e+04|3.1e+01|4.6e+10| 4.846596e+07  0.000000e+00| 0:0:00| spchol  1  1 
 1|1.000|0.000|1.9e-02|3.1e+01|5.7e+10| 2.803190e+08  4.285272e+04| 0:0:00| spchol  1  1 
 2|1.000|0.981|2.8e-09|5.9e-01|1.4e+09| 2.312869e+08  2.861059e+03| 0:0:00| spchol  1  1 
 3|1.000|0.989|3.9e-07|6.4e-03|4.8e+07| 2.124808e+07  1.762668e+03| 0:0:00| spchol  1  1 
 4|0.967|1.000|1.3e-06|6.3e-05|3.3e+06| 2.355473e+06  1.584028e+03| 0:0:00| spchol  1  1 
 5|0.979|1.000|6.3e-08|3.1e-05|1.5e+05| 1.210226e+05  1.444600e+03| 0:0:00| spchol  1  1 
 6|0.919|1.000|1.5e-08|1.6e-05|1.4e+04| 1.410908e+04  1.609053e+03| 0:0:00| spchol  1  1 
 7|1.000|0.922|2.0e-09|5.6e-06|7.1e+03| 9.709488e+03  2.827400e+03| 0:0:00| spchol  1  1 
 8|0.935|1.000|2.8e-10|1.4e-06|1.6e+03| 5.072090e+03  3.457809e+03| 0:0:00| spchol  1  1 
 9|1.000|0.967|1.1e-10|4.6e-07|3.6e+02| 4.158941e+03  3.808258e+03| 0:0:00| spchol  1  1 
10|0.946|1.000|3.5e-11|1.3e-07|6.9e+01| 3.957363e+03  3.890053e+03| 0:0:01| spchol  1  1 
11|0.997|0.983|4.3e-11|4.0e-08|8.5e+00| 3.913470e+03  3.905507e+03| 0:0:01| spchol  1  1 
12|1.000|1.000|2.5e-10|1.1e-08|2.9e+00| 3.909896e+03  3.907170e+03| 0:0:01| spchol  1  1 
13|0.956|0.917|2.6e-09|4.1e-09|2.1e-01| 3.908121e+03  3.907968e+03| 0:0:01| spchol  2  1 
14|0.987|1.000|7.5e-09|1.9e-11|1.4e-02| 3.908017e+03  3.908004e+03| 0:0:01| spchol  2  2 
15|0.985|0.984|1.1e-10|1.8e-12|2.4e-04| 3.908008e+03  3.908008e+03| 0:0:01| spchol  2  2 
16|1.000|1.000|5.1e-11|1.1e-13|1.8e-05| 3.908008e+03  3.908008e+03| 0:0:01|
  stop: max(relative gap, infeasibilities) < 1.49e-08
-------------------------------------------------------------------
 number of iterations   = 16
 primal objective value =  3.90800796e+03
 dual   objective value =  3.90800794e+03
 gap := trace(XZ)       = 1.76e-05
 relative gap           = 2.26e-09
 actual relative gap    = 2.07e-09
 rel. primal infeas (scaled problem)   = 5.06e-11
 rel. dual     "        "       "      = 1.13e-13
 rel. primal infeas (unscaled problem) = 0.00e+00
 rel. dual     "        "       "      = 0.00e+00
 norm(X), norm(y), norm(Z) = 5.6e+02, 2.3e+01, 4.5e+01
 norm(A), norm(b), norm(C) = 6.5e+03, 3.3e+02, 5.3e+04
 Total CPU time (secs)  = 0.87  
 CPU time per iteration = 0.05  
 termination code       =  0
 DIMACS: 5.8e-10  0.0e+00  1.1e-13  0.0e+00  2.1e-09  2.3e-09
-------------------------------------------------------------------
 
------------------------------------------------------------
Status: Solved
Optimal value (cvx_optval): +3908.01
 

eF =

   1.7465e+04


eA =

   3.5935e+04


eC =

      446600


EDIS =

   5.0000e+05


X_f =

  Columns 1 through 6

    0.6044    0.2961    0.2961    0.7313    0.7313    0.4895
    0.3868    1.0000    0.6044    0.6044    1.0000    0.4895
    0.7313    0.6044    0.2961    0.6044    0.7313    0.4895
    0.2176    0.2176    0.3868    1.0000    0.6044    0.1511
    0.2176    0.3868    0.7313    1.0000    0.3868    0.1511
    0.2961    0.4895    0.2961    0.3868    0.7313    0.4895
    0.7313    0.3868    0.6044    0.6044    0.4895    0.7313
    0.6044    0.2961    0.4895    0.6044    0.6044    0.7313
    0.4895    0.4895    0.2176    0.4895    0.7313    0.2961
    0.2961    0.4895    1.0000    1.0000    0.8703    0.4895

  Columns 7 through 12

    0.8703    0.3868    0.4895    0.6044    0.6044    0.2961
    1.0000    0.3868    0.4895    0.4895    0.2961    0.4895
    0.6044    1.0000    0.6044    0.6044    0.7313    0.4895
    0.7313    0.7313    0.2961    0.2961    0.6044    0.7313
    0.6044    0.6044    0.6044    0.4895    0.6044    0.4895
    0.7313    0.6044    0.2176    0.6044    0.4895    0.2961
    0.3868    0.4895    0.4895    0.8703    0.6044    0.7313
    0.3868    0.1511    0.4895    1.0000    0.6044    1.0000
    0.7313    0.1511    0.3868    0.6044    0.2961    0.7313
    0.7313    0.7313    0.6044    0.7313    0.7313    0.4895

  Columns 13 through 18

    0.8703    0.4895    0.4895    1.0000    0.3868    0.4895
    0.6044    0.4895    0.4895    0.7313    0.0967    0.2961
    0.6044    1.0000    0.4895    0.6044    0.4895    1.0000
    1.0000    0.1511    0.4895    0.8703    0.7313    0.6044
    0.7313    0.7313    0.4895    0.2961    0.6044    0.2961
    0.4895    0.0967    0.7313    0.2961    0.7313    0.7313
    0.6044    0.3868    0.3868    0.7313    0.2961    0.3868
    0.6044    0.3868    0.2176    0.4895    0.3868    0.7313
    0.4895    0.1511    0.2961    0.0544    0.0967    0.6044
    0.4895    0.3868    0.2176    0.6044    0.3868    0.7313

  Columns 19 through 24

    0.8703    0.6044    0.7313    0.7313    0.3868    0.1511
    0.1511    0.3868    0.4895    0.7313    0.3868    0.3868
    0.4895    1.0000    0.6044    0.8703    0.3868    0.8703
    0.7313    0.2961    0.2961    0.3868    0.4895    0.6044
    0.3868    0.2176    0.2176    0.8703    0.4895    1.0000
    0.4895    0.2961    0.3868    0.2961    0.3868    0.0967
    0.8703    0.3868    1.0000    0.7313    0.6044    0.4895
    1.0000    0.8703    0.6044    0.4895    0.7313    1.0000
    0.4895    0.3868    0.4895    0.2961    0.4895    0.3868
    0.3868    0.7313    0.8703    0.3868    0.7313    0.7313


X_a =

  Columns 1 through 6

    0.3921    0.0659    0.0659    0.6315    0.6315    0.2315
    0.1285    1.0000    0.3921    0.3921    1.0000    0.2315
    0.6315    0.3921    0.0659    0.3921    0.6315    0.2315
    0.0305    0.0305    0.1285    1.0000    0.3921    0.0123
    0.0305    0.1285    0.6315    1.0000    0.1285    0.0123
    0.0659    0.2315    0.0659    0.1285    0.6315    0.2315
    0.6315    0.1285    0.3921    0.3921    0.2315    0.6315
    0.3921    0.0659    0.2315    0.3921    0.3921    0.6315
    0.2315    0.2315    0.0305    0.2315    0.6315    0.0659
    0.0659    0.2315    1.0000    1.0000    0.9757    0.2315

  Columns 7 through 12

    0.9757    0.1285    0.2315    0.3921    0.3921    0.0659
    1.0000    0.1285    0.2315    0.2315    0.0659    0.2315
    0.3921    1.0000    0.3921    0.3921    0.6315    0.2315
    0.6315    0.6315    0.0659    0.0659    0.3921    0.6315
    0.3921    0.3921    0.3921    0.2315    0.3921    0.2315
    0.6315    0.3921    0.0305    0.3921    0.2315    0.0659
    0.1285    0.2315    0.2315    0.9757    0.3921    0.6315
    0.1285    0.0123    0.2315    1.0000    0.3921    1.0000
    0.6315    0.0123    0.1285    0.3921    0.0659    0.6315
    0.6315    0.6315    0.3921    0.6315    0.6315    0.2315

  Columns 13 through 18

    0.9757    0.2315    0.2315    1.0000    0.1285    0.2315
    0.3921    0.2315    0.2315    0.6315    0.0040    0.0659
    0.3921    1.0000    0.2315    0.3921    0.2315    1.0000
    1.0000    0.0123    0.2315    0.9757    0.6315    0.3921
    0.6315    0.6315    0.2315    0.0659    0.3921    0.0659
    0.2315    0.0040    0.6315    0.0659    0.6315    0.6315
    0.3921    0.1285    0.1285    0.6315    0.0659    0.1285
    0.3921    0.1285    0.0305    0.2315    0.1285    0.6315
    0.2315    0.0123    0.0659    0.0010    0.0040    0.3921
    0.2315    0.1285    0.0305    0.3921    0.1285    0.6315

  Columns 19 through 24

    0.9757    0.3921    0.6315    0.6315    0.1285    0.0123
    0.0123    0.1285    0.2315    0.6315    0.1285    0.1285
    0.2315    1.0000    0.3921    0.9757    0.1285    0.9757
    0.6315    0.0659    0.0659    0.1285    0.2315    0.3921
    0.1285    0.0305    0.0305    0.9757    0.2315    1.0000
    0.2315    0.0659    0.1285    0.0659    0.1285    0.0040
    0.9757    0.1285    1.0000    0.6315    0.3921    0.2315
    1.0000    0.9757    0.3921    0.2315    0.6315    1.0000
    0.2315    0.1285    0.2315    0.0659    0.2315    0.1285
    0.1285    0.6315    0.9757    0.1285    0.6315    0.6315

X_a < X_f

ans =

  10×24 logical array

  Columns 1 through 15

   1   1   1   1   1   1   0   1   1   1   1   1   0   1   1
   1   0   1   1   0   1   0   1   1   1   1   1   1   1   1
   1   1   1   1   1   1   1   0   1   1   1   1   1   0   1
   1   1   1   0   1   1   1   1   1   1   1   1   0   1   1
   1   1   1   0   1   1   1   1   1   1   1   1   1   1   1
   1   1   1   1   1   1   1   1   1   1   1   1   1   1   1
   1   1   1   1   1   1   1   1   1   0   1   1   1   1   1
   1   1   1   1   1   1   1   1   1   0   1   0   1   1   1
   1   1   1   1   1   1   1   1   1   1   1   1   1   1   1
   1   1   0   0   0   1   1   1   1   1   1   1   1   1   1

  Columns 16 through 24

   0   1   1   0   1   1   1   1   1
   1   1   1   1   1   1   1   1   1
   1   1   0   1   0   1   0   1   0
   0   1   1   1   1   1   1   1   1
   1   1   1   1   1   1   0   1   0
   1   1   1   1   1   1   1   1   1
   1   1   1   0   1   0   1   1   1
   1   1   1   0   0   1   1   1   0
   1   1   1   1   1   1   1   1   1
   1   1   1   1   1   0   1   1   1


numALessF =

   209

---End with pF=133.33W pAC=400W pC=400W ELIM=500000---

---Starting CVX with pF=100W pAC=400W pC=400W ELIM=550000---
 
Calling SDPT3 4.0: 3841 variables, 1440 equality constraints
   For improved efficiency, SDPT3 is solving the dual problem.
------------------------------------------------------------

 num. of constraints = 1440
 dim. of sdp    var  = 1920,   num. of sdp  blk  = 960
 dim. of linear var  = 961
 number of dense column in A = 1
*******************************************************************
   SDPT3: Infeasible path-following algorithms
*******************************************************************
 version  predcorr  gam  expon  scale_data
   HKM      1      0.000   1        0    
it pstep dstep pinfeas dinfeas  gap      prim-obj      dual-obj    cputime
-------------------------------------------------------------------
 0|0.000|0.000|1.7e+04|3.1e+01|8.9e+10| 9.341596e+07  0.000000e+00| 0:0:00| spchol  1  1 
 1|1.000|0.000|3.5e-02|3.1e+01|1.1e+11| 6.321090e+08  4.437144e+04| 0:0:00| spchol  1  1 
 2|1.000|0.981|1.5e-09|5.9e-01|2.8e+09| 5.106073e+08  3.762141e+03| 0:0:00| spchol  1  1 
 3|0.952|0.988|4.5e-07|6.9e-03|1.1e+08| 6.069950e+07  2.581788e+03| 0:0:00| spchol  1  1 
 4|1.000|0.953|3.6e-06|3.4e-04|1.0e+07| 7.672526e+06  2.525725e+03| 0:0:00| spchol  1  1 
 5|0.937|1.000|4.7e-07|1.6e-05|1.0e+06| 9.569814e+05  2.699345e+03| 0:0:00| spchol  1  1 
 6|0.979|1.000|1.2e-08|8.1e-06|2.4e+04| 2.542586e+04  2.646233e+03| 0:0:00| spchol  1  1 
 7|0.937|1.000|1.0e-09|2.4e-06|6.0e+03| 1.002465e+04  4.225728e+03| 0:0:00| spchol  1  1 
 8|1.000|1.000|2.0e-10|7.3e-07|2.2e+03| 7.857780e+03  5.720639e+03| 0:0:00| spchol  1  1 
 9|1.000|1.000|7.1e-11|2.2e-07|9.3e+02| 6.867653e+03  5.944877e+03| 0:0:00| spchol  1  1 
10|0.975|0.987|1.8e-12|6.8e-08|1.3e+02| 6.326161e+03  6.194818e+03| 0:0:01| spchol  1  1 
11|1.000|1.000|9.3e-13|2.0e-08|4.1e+01| 6.268454e+03  6.228537e+03| 0:0:01| spchol  1  1 
12|0.962|0.892|9.5e-11|7.4e-09|3.8e+00| 6.247592e+03  6.243991e+03| 0:0:01| spchol  1  1 
13|1.000|1.000|8.9e-12|1.8e-09|1.5e+00| 6.247009e+03  6.245557e+03| 0:0:01| spchol  1  1 
14|0.979|0.978|2.8e-09|5.6e-10|3.3e-02| 6.246218e+03  6.246202e+03| 0:0:01| spchol  2  2 
15|0.987|0.986|3.5e-11|9.4e-12|4.9e-04| 6.246201e+03  6.246201e+03| 0:0:01| spchol  2  2 
16|1.000|0.998|1.3e-12|4.9e-14|9.9e-06| 6.246201e+03  6.246201e+03| 0:0:01|
  stop: max(relative gap, infeasibilities) < 1.49e-08
-------------------------------------------------------------------
 number of iterations   = 16
 primal objective value =  6.24620094e+03
 dual   objective value =  6.24620093e+03
 gap := trace(XZ)       = 9.88e-06
 relative gap           = 7.90e-10
 actual relative gap    = 6.72e-10
 rel. primal infeas (scaled problem)   = 1.33e-12
 rel. dual     "        "       "      = 4.93e-14
 rel. primal infeas (unscaled problem) = 0.00e+00
 rel. dual     "        "       "      = 0.00e+00
 norm(X), norm(y), norm(Z) = 5.6e+02, 3.5e+01, 6.1e+01
 norm(A), norm(b), norm(C) = 6.4e+03, 3.3e+02, 1.0e+05
 Total CPU time (secs)  = 0.83  
 CPU time per iteration = 0.05  
 termination code       =  0
 DIMACS: 1.5e-11  0.0e+00  4.9e-14  0.0e+00  6.7e-10  7.9e-10
-------------------------------------------------------------------
 
------------------------------------------------------------
Status: Solved
Optimal value (cvx_optval): +6246.2
 

eF =

   2.3154e+04


eA =

   8.0246e+04


eC =

      446600


EDIS =

   5.5000e+05


X_f =

  Columns 1 through 6

    1.0000    1.0000    1.0000    1.0000    1.0000    1.0000
    1.0000    1.0000    1.0000    1.0000    1.0000    1.0000
    1.0000    1.0000    1.0000    1.0000    1.0000    1.0000
    0.8163    0.8163    1.0000    1.0000    1.0000    0.5669
    0.8163    1.0000    1.0000    1.0000    1.0000    0.5669
    1.0000    1.0000    1.0000    1.0000    1.0000    1.0000
    1.0000    1.0000    1.0000    1.0000    1.0000    1.0000
    1.0000    1.0000    1.0000    1.0000    1.0000    1.0000
    1.0000    1.0000    0.8163    1.0000    1.0000    1.0000
    1.0000    1.0000    1.0000    1.0000    1.0000    1.0000

  Columns 7 through 12

    1.0000    1.0000    1.0000    1.0000    1.0000    1.0000
    1.0000    1.0000    1.0000    1.0000    1.0000    1.0000
    1.0000    1.0000    1.0000    1.0000    1.0000    1.0000
    1.0000    1.0000    1.0000    1.0000    1.0000    1.0000
    1.0000    1.0000    1.0000    1.0000    1.0000    1.0000
    1.0000    1.0000    0.8163    1.0000    1.0000    1.0000
    1.0000    1.0000    1.0000    1.0000    1.0000    1.0000
    1.0000    0.5669    1.0000    1.0000    1.0000    1.0000
    1.0000    0.5669    1.0000    1.0000    1.0000    1.0000
    1.0000    1.0000    1.0000    1.0000    1.0000    1.0000

  Columns 13 through 18

    1.0000    1.0000    1.0000    1.0000    1.0000    1.0000
    1.0000    1.0000    1.0000    1.0000    0.3628    1.0000
    1.0000    1.0000    1.0000    1.0000    1.0000    1.0000
    1.0000    0.5669    1.0000    1.0000    1.0000    1.0000
    1.0000    1.0000    1.0000    1.0000    1.0000    1.0000
    1.0000    0.3628    1.0000    1.0000    1.0000    1.0000
    1.0000    1.0000    1.0000    1.0000    1.0000    1.0000
    1.0000    1.0000    0.8163    1.0000    1.0000    1.0000
    1.0000    0.5669    1.0000    0.2041    0.3628    1.0000
    1.0000    1.0000    0.8163    1.0000    1.0000    1.0000

  Columns 19 through 24

    1.0000    1.0000    1.0000    1.0000    1.0000    0.5669
    0.5669    1.0000    1.0000    1.0000    1.0000    1.0000
    1.0000    1.0000    1.0000    1.0000    1.0000    1.0000
    1.0000    1.0000    1.0000    1.0000    1.0000    1.0000
    1.0000    0.8163    0.8163    1.0000    1.0000    1.0000
    1.0000    1.0000    1.0000    1.0000    1.0000    0.3628
    1.0000    1.0000    1.0000    1.0000    1.0000    1.0000
    1.0000    1.0000    1.0000    1.0000    1.0000    1.0000
    1.0000    1.0000    1.0000    1.0000    1.0000    1.0000
    1.0000    1.0000    1.0000    1.0000    1.0000    1.0000


X_a =

  Columns 1 through 6

    1.0000    0.4264    0.4264    1.0000    1.0000    1.0000
    0.8314    1.0000    1.0000    1.0000    1.0000    1.0000
    1.0000    1.0000    0.4264    1.0000    1.0000    1.0000
    0.1973    0.1973    0.8314    1.0000    1.0000    0.0793
    0.1973    0.8314    1.0000    1.0000    0.8314    0.0793
    0.4264    1.0000    0.4264    0.8314    1.0000    1.0000
    1.0000    0.8314    1.0000    1.0000    1.0000    1.0000
    1.0000    0.4264    1.0000    1.0000    1.0000    1.0000
    1.0000    1.0000    0.1973    1.0000    1.0000    0.4264
    0.4264    1.0000    1.0000    1.0000    1.0000    1.0000

  Columns 7 through 12

    1.0000    0.8314    1.0000    1.0000    1.0000    0.4264
    1.0000    0.8314    1.0000    1.0000    0.4264    1.0000
    1.0000    1.0000    1.0000    1.0000    1.0000    1.0000
    1.0000    1.0000    0.4264    0.4264    1.0000    1.0000
    1.0000    1.0000    1.0000    1.0000    1.0000    1.0000
    1.0000    1.0000    0.1973    1.0000    1.0000    0.4264
    0.8314    1.0000    1.0000    1.0000    1.0000    1.0000
    0.8314    0.0793    1.0000    1.0000    1.0000    1.0000
    1.0000    0.0793    0.8314    1.0000    0.4264    1.0000
    1.0000    1.0000    1.0000    1.0000    1.0000    1.0000

  Columns 13 through 18

    1.0000    1.0000    1.0000    1.0000    0.8314    1.0000
    1.0000    1.0000    1.0000    1.0000    0.0260    0.4264
    1.0000    1.0000    1.0000    1.0000    1.0000    1.0000
    1.0000    0.0793    1.0000    1.0000    1.0000    1.0000
    1.0000    1.0000    1.0000    0.4264    1.0000    0.4264
    1.0000    0.0260    1.0000    0.4264    1.0000    1.0000
    1.0000    0.8314    0.8314    1.0000    0.4264    0.8314
    1.0000    0.8314    0.1973    1.0000    0.8314    1.0000
    1.0000    0.0793    0.4264    0.0062    0.0260    1.0000
    1.0000    0.8314    0.1973    1.0000    0.8314    1.0000

  Columns 19 through 24

    1.0000    1.0000    1.0000    1.0000    0.8314    0.0793
    0.0793    0.8314    1.0000    1.0000    0.8314    0.8314
    1.0000    1.0000    1.0000    1.0000    0.8314    1.0000
    1.0000    0.4264    0.4264    0.8314    1.0000    1.0000
    0.8314    0.1973    0.1973    1.0000    1.0000    1.0000
    1.0000    0.4264    0.8314    0.4264    0.8314    0.0260
    1.0000    0.8314    1.0000    1.0000    1.0000    1.0000
    1.0000    1.0000    1.0000    1.0000    1.0000    1.0000
    1.0000    0.8314    1.0000    0.4264    1.0000    0.8314
    0.8314    1.0000    1.0000    0.8314    1.0000    1.0000

X_a < X_f

ans =

  10×24 logical array

  Columns 1 through 15

   0   1   1   0   0   1   0   1   1   0   0   1   0   1   1
   1   0   0   0   0   1   0   1   1   1   1   1   0   1   1
   0   0   1   0   0   1   0   0   0   0   0   1   0   0   1
   1   1   1   0   0   1   0   0   1   1   0   0   0   1   1
   1   1   0   0   1   1   0   0   0   1   0   1   0   0   1
   1   1   1   1   0   1   0   0   1   0   1   1   1   1   0
   0   1   0   0   1   0   1   1   1   0   0   0   0   1   1
   0   1   1   0   0   0   1   1   1   0   0   0   0   1   1
   1   1   1   1   0   1   0   1   1   0   1   0   1   1   1
   1   1   0   0   0   1   0   0   0   0   0   1   1   1   1

  Columns 16 through 24

   0   1   1   0   0   0   0   1   1
   0   1   1   1   1   1   0   1   1
   0   1   0   1   0   0   0   1   0
   0   0   0   0   1   1   1   1   0
   1   0   1   1   1   1   0   1   0
   1   0   0   1   1   1   1   1   1
   0   1   1   0   1   0   0   0   1
   1   1   0   0   0   0   1   0   0
   1   1   0   1   1   1   1   1   1
   0   1   0   1   0   0   1   0   0


numALessF =

   127

---End with pF=100W pAC=400W pC=400W ELIM=550000---

---Starting CVX with pF=1000W pAC=400W pC=400W ELIM=500000---
 
Calling SDPT3 4.0: 3841 variables, 1440 equality constraints
   For improved efficiency, SDPT3 is solving the dual problem.
------------------------------------------------------------

 num. of constraints = 1440
 dim. of sdp    var  = 1920,   num. of sdp  blk  = 960
 dim. of linear var  = 961
 number of dense column in A = 1
*******************************************************************
   SDPT3: Infeasible path-following algorithms
*******************************************************************
 version  predcorr  gam  expon  scale_data
   HKM      1      0.000   1        0    
it pstep dstep pinfeas dinfeas  gap      prim-obj      dual-obj    cputime
-------------------------------------------------------------------
 0|0.000|0.000|2.3e+04|3.1e+01|1.9e+10|-1.955796e+07  0.000000e+00| 0:0:00| spchol  2  2 
 1|0.015|0.003|2.3e+04|3.1e+01|1.9e+10|-1.891403e+07 -2.613505e+05| 0:0:00| spchol  2  2 
 2|0.054|0.063|2.2e+04|2.9e+01|1.8e+10|-1.666592e+07 -4.504178e+06| 0:0:00| spchol  2  2 
 3|0.980|0.463|4.3e+02|1.6e+01|9.6e+09| 6.004524e+06 -1.279285e+06| 0:0:00| spchol  1  1 
 4|0.681|0.693|1.4e+02|4.8e+00|3.0e+09| 8.411557e+06 -3.814178e+06| 0:0:00| spchol  1  1 
 5|1.000|0.176|2.5e-08|3.9e+00|2.8e+09| 5.503459e+07 -3.837599e+06| 0:0:00| spchol  1  1 
 6|1.000|0.937|3.1e-06|2.5e-01|2.1e+08| 3.119394e+07 -9.865885e+05| 0:0:00| spchol  1  1 
 7|0.985|0.855|1.4e-07|3.6e-02|3.4e+07| 7.704094e+06 -1.554378e+05| 0:0:00| spchol  1  1 
 8|1.000|0.926|4.7e-08|2.7e-03|1.1e+07| 8.128799e+06 -1.555639e+04| 0:0:00| spchol  1  1 
 9|0.945|0.789|2.6e-08|5.6e-04|1.4e+06| 8.927357e+05 -5.609889e+03| 0:0:00| spchol  1  1 
10|0.727|1.000|7.2e-09|1.2e-06|6.5e+05| 6.461083e+05 -2.950836e+03| 0:0:00| spchol  1  1 
11|0.972|1.000|2.0e-10|6.2e-07|1.8e+04| 1.542142e+04 -2.940284e+03| 0:0:00| spchol  1  1 
12|1.000|1.000|8.2e-13|1.8e-07|9.0e+03| 6.704213e+03 -2.269900e+03| 0:0:01| spchol  1  1 
13|1.000|0.541|2.8e-12|1.1e-07|5.4e+03| 3.685945e+03 -1.681571e+03| 0:0:01| spchol  1  1 
14|1.000|0.902|3.1e-13|2.6e-08|2.2e+03| 1.302320e+03 -9.030508e+02| 0:0:01| spchol  1  1 
15|0.988|1.000|3.4e-11|5.0e-09|4.8e+02| 4.974906e+01 -4.329969e+02| 0:0:01| spchol  1  1 
16|0.923|0.991|3.3e-12|1.5e-09|1.1e+02|-1.981273e+02 -3.057829e+02| 0:0:01| spchol  1  1 
17|0.967|0.956|2.6e-11|5.0e-10|5.8e+00|-2.668014e+02 -2.725662e+02| 0:0:01| spchol  2  2 
18|0.974|0.977|2.9e-12|1.4e-10|1.5e-01|-2.703003e+02 -2.704506e+02| 0:0:01| spchol  2  2 
19|0.978|0.980|8.4e-12|4.3e-11|3.2e-03|-2.703975e+02 -2.704000e+02| 0:0:01| spchol  3  4 
20|0.951|0.954|7.3e-11|2.9e-12|1.7e-04|-2.703995e+02 -2.703996e+02| 0:0:01| spchol 20 19 
  stop: primal infeas has deteriorated too much, 5.3e-04
21|1.000|1.000|7.3e-11|2.9e-12|1.7e-04|-2.703995e+02 -2.703996e+02| 0:0:01|
-------------------------------------------------------------------
 number of iterations   = 21
 primal objective value = -2.70399508e+02
 dual   objective value = -2.70399630e+02
 gap := trace(XZ)       = 1.72e-04
 relative gap           = 3.17e-07
 actual relative gap    = 2.25e-07
 rel. primal infeas (scaled problem)   = 7.29e-11
 rel. dual     "        "       "      = 2.93e-12
 rel. primal infeas (unscaled problem) = 0.00e+00
 rel. dual     "        "       "      = 0.00e+00
 norm(X), norm(y), norm(Z) = 8.0e+02, 1.6e+01, 3.9e+01
 norm(A), norm(b), norm(C) = 1.7e+04, 3.3e+02, 4.3e+04
 Total CPU time (secs)  = 0.84  
 CPU time per iteration = 0.04  
 termination code       = -7
 DIMACS: 8.3e-10  0.0e+00  2.9e-12  0.0e+00  2.2e-07  3.2e-07
-------------------------------------------------------------------
 
------------------------------------------------------------
Status: Inaccurate/Solved
Optimal value (cvx_optval): +4195.6
 

eF =

   3.2365e+03


eA =

   5.0164e+04


eC =

      446600


EDIS =

   5.0000e+05


X_f =

  Columns 1 through 6

    0.0146    0.0098    0.0098    0.0162    0.0162    0.0130
    0.0114    0.0195    0.0146    0.0146    0.0195    0.0130
    0.0162    0.0146    0.0098    0.0146    0.0162    0.0130
    0.0083    0.0083    0.0114    0.0195    0.0146    0.0067
    0.0083    0.0114    0.0162    0.0212    0.0114    0.0067
    0.0098    0.0130    0.0098    0.0114    0.0162    0.0130
    0.0162    0.0114    0.0146    0.0146    0.0130    0.0162
    0.0146    0.0098    0.0130    0.0146    0.0146    0.0162
    0.0130    0.0130    0.0083    0.0130    0.0162    0.0098
    0.0098    0.0130    0.0195    0.0212    0.0178    0.0130

  Columns 7 through 12

    0.0178    0.0114    0.0130    0.0146    0.0146    0.0098
    0.0212    0.0114    0.0130    0.0130    0.0098    0.0130
    0.0146    0.0195    0.0146    0.0146    0.0162    0.0130
    0.0162    0.0162    0.0098    0.0098    0.0146    0.0162
    0.0146    0.0146    0.0146    0.0130    0.0146    0.0130
    0.0162    0.0146    0.0083    0.0146    0.0130    0.0098
    0.0114    0.0130    0.0130    0.0178    0.0146    0.0162
    0.0114    0.0067    0.0130    0.0195    0.0146    0.0195
    0.0162    0.0067    0.0114    0.0146    0.0098    0.0162
    0.0162    0.0162    0.0146    0.0162    0.0162    0.0130

  Columns 13 through 18

    0.0178    0.0130    0.0130    0.0195    0.0114    0.0130
    0.0146    0.0130    0.0130    0.0162    0.0053    0.0098
    0.0146    0.0195    0.0130    0.0146    0.0130    0.0212
    0.0195    0.0067    0.0130    0.0178    0.0162    0.0146
    0.0162    0.0162    0.0130    0.0098    0.0146    0.0098
    0.0130    0.0053    0.0162    0.0098    0.0162    0.0162
    0.0146    0.0114    0.0114    0.0162    0.0098    0.0114
    0.0146    0.0114    0.0083    0.0130    0.0114    0.0162
    0.0130    0.0067    0.0098    0.0038    0.0053    0.0146
    0.0130    0.0114    0.0083    0.0146    0.0114    0.0162

  Columns 19 through 24

    0.0178    0.0146    0.0162    0.0162    0.0114    0.0067
    0.0067    0.0114    0.0130    0.0162    0.0114    0.0114
    0.0130    0.0195    0.0146    0.0178    0.0114    0.0178
    0.0162    0.0098    0.0098    0.0114    0.0130    0.0146
    0.0114    0.0083    0.0083    0.0178    0.0130    0.0195
    0.0130    0.0098    0.0114    0.0098    0.0114    0.0053
    0.0178    0.0114    0.0212    0.0162    0.0146    0.0130
    0.0195    0.0178    0.0146    0.0130    0.0162    0.0212
    0.0130    0.0114    0.0130    0.0098    0.0130    0.0114
    0.0114    0.0162    0.0178    0.0114    0.0162    0.0162


X_a =

  Columns 1 through 6

    1.0000    0.0000    0.0000    1.0000    1.0000    0.2640
    0.0000    1.0000    1.0000    1.0000    1.0000    0.2640
    1.0000    1.0000    0.0000    1.0000    1.0000    0.2640
    0.0000    0.0000    0.0000    1.0000    1.0000    0.0000
    0.0000    0.0000    1.0000    1.0000    0.0000    0.0000
    0.0000    0.2640    0.0000    0.0000    1.0000    0.2640
    1.0000    0.0000    1.0000    1.0000    0.2640    1.0000
    1.0000    0.0000    0.2640    1.0000    1.0000    1.0000
    0.2640    0.2640    0.0000    0.2640    1.0000    0.0000
    0.0000    0.2640    1.0000    1.0000    1.0000    0.2640

  Columns 7 through 12

    1.0000    0.0000    0.2640    1.0000    1.0000    0.0000
    1.0000    0.0000    0.2640    0.2640    0.0000    0.2640
    1.0000    1.0000    1.0000    1.0000    1.0000    0.2640
    1.0000    1.0000    0.0000    0.0000    1.0000    1.0000
    1.0000    1.0000    1.0000    0.2640    1.0000    0.2640
    1.0000    1.0000    0.0000    1.0000    0.2640    0.0000
    0.0000    0.2640    0.2640    1.0000    1.0000    1.0000
    0.0000    0.0000    0.2640    1.0000    1.0000    1.0000
    1.0000    0.0000    0.0000    1.0000    0.0000    1.0000
    1.0000    1.0000    1.0000    1.0000    1.0000    0.2640

  Columns 13 through 18

    1.0000    0.2640    0.2640    1.0000    0.0000    0.2640
    1.0000    0.2640    0.2640    1.0000    0.0000    0.0000
    1.0000    1.0000    0.2640    1.0000    0.2640    1.0000
    1.0000    0.0000    0.2640    1.0000    1.0000    1.0000
    1.0000    1.0000    0.2640    0.0000    1.0000    0.0000
    0.2640    0.0000    1.0000    0.0000    1.0000    1.0000
    1.0000    0.0000    0.0000    1.0000    0.0000    0.0000
    1.0000    0.0000    0.0000    0.2640    0.0000    1.0000
    0.2640    0.0000    0.0000    0.0000    0.0000    1.0000
    0.2640    0.0000    0.0000    1.0000    0.0000    1.0000

  Columns 19 through 24

    1.0000    1.0000    1.0000    1.0000    0.0000    0.0000
    0.0000    0.0000    0.2640    1.0000    0.0000    0.0000
    0.2640    1.0000    1.0000    1.0000    0.0000    1.0000
    1.0000    0.0000    0.0000    0.0000    0.2640    1.0000
    0.0000    0.0000    0.0000    1.0000    0.2640    1.0000
    0.2640    0.0000    0.0000    0.0000    0.0000    0.0000
    1.0000    0.0000    1.0000    1.0000    1.0000    0.2640
    1.0000    1.0000    1.0000    0.2640    1.0000    1.0000
    0.2640    0.0000    0.2640    0.0000    0.2640    0.0000
    0.0000    1.0000    1.0000    0.0000    1.0000    1.0000

X_a < X_f

ans =

  10×24 logical array

  Columns 1 through 15

   0   1   1   0   0   0   0   1   0   0   0   1   0   0   0
   1   0   0   0   0   0   0   1   0   0   1   0   0   0   0
   0   0   1   0   0   0   0   0   0   0   0   0   0   0   0
   1   1   1   0   0   1   0   0   1   1   0   0   0   1   0
   1   1   0   0   1   1   0   0   0   0   0   0   0   0   0
   1   0   1   1   0   0   0   0   1   0   0   1   0   1   0
   0   1   0   0   0   0   1   0   0   0   0   0   0   1   1
   0   1   0   0   0   0   1   1   0   0   0   0   0   1   1
   0   0   1   0   0   1   0   1   1   0   1   0   0   1   1
   1   0   0   0   0   0   0   0   0   0   0   0   0   1   1

  Columns 16 through 24

   0   1   0   0   0   0   0   1   1
   0   1   1   1   1   0   0   1   1
   0   0   0   0   0   0   0   1   0
   0   0   0   0   1   1   1   0   0
   1   0   1   1   1   1   0   0   0
   1   0   0   0   1   1   1   1   1
   0   1   1   0   1   0   0   0   0
   0   1   0   0   0   0   0   0   0
   1   1   0   0   1   0   1   0   1
   0   1   0   1   0   0   1   0   0


numALessF =

    80

---End with pF=1000W pAC=400W pC=400W ELIM=500000---

>> 
